AA1 = [0 0 0 0 ;
    0 0 1/L2 -1/L2;
    0 -1/C1 0 0;
    0 1/C2 0 -1/(Ro*C2)];

AA2 = [0 0 -1/L1 0;
        0 0 0 -1/L2;
        1/C1 0 0 0;
        0 1/C2 0 -1/(Ro*C2)];
